1        1          {                22         0         
2        1          ¶                27         0         
3        2          int              1          0         
4        2          A                46         1         
5        2          ¶                27         0         
6        3          int              1          0         
7        3          b                46         2         
8        3          ,                17         0         
9        3          ,                17         0         
10       3          d                46         3         
11       3          ,                17         0         
12       3          e                46         4         
13       3          ,                17         0         
14       3          f                46         5         
15       3          ¶                27         0         
16       4          scan             4          0         
17       4          (                24         0         
18       4          -                19         0         
19       4          A                46         1         
20       4          )                25         0         
21       4          ¶                27         0         
22       5          A                46         1         
23       5          =                8          0         
24       5          10.23            47         1         
25       5          ¶                27         0         
26       6          if               7          0         
27       6          A                46         1         
28       6          >                13         0         
29       6          b                46         2         
30       6          ¶                27         0         
31       7          {                22         0         
32       7          ¶                27         0         
33       8          A                46         1         
34       8          =                8          0         
35       8          9001             47         2         
36       8          ¶                27         0         
37       9          }                23         0         
38       9          ¶                27         0         
39       10         [                28         0         
40       10         ]                29         0         
41       10         do               6          0         
42       10         [                28         0         
43       10         ]                29         0         
44       10         ¶                27         0         
45       11         int              1          0         
46       11         c                46         6         
47       11         ¶                27         0         
48       12         b                46         2         
49       12         =                8          0         
50       12         b                46         2         
51       12         +                18         0         
52       12         -1               47         3         
53       12         ¶                27         0         
54       13         while            5          0         
55       13         (                24         0         
56       13         b                46         2         
57       13         <                12         0         
58       13         -10              47         4         
59       13         )                25         0         
60       13         ¶                27         0         
61       14         print            3          0         
62       14         (                24         0         
63       14         -10.124          47         5         
64       14         )                25         0         
65       14         ¶                27         0         
66       15         }                23         0         
//////////////////////////
10.23        1       
9001         2       
-1           3       
-10          4       
-10.124      5       
//////////////////////////
A            1        int     
b            2        int     
d            3        int     
e            4        int     
f            5        int     
c            6        int     
